0,1
1,Opal,1,1,18,0,20,0,Normal,
2,Ash,1,1,16,0,20,0,Normal,
3,Vellyne,1,1,12,0,20,0,Normal,
4,Fenric,1,1,10,0,20,0,Normal,
5,Theris,1,1,7,0,20,0,Normal,
6,,0,0,0,0,0,0,,
7,,0,0,0,0,0,0,,
8,,0,0,0,0,0,0,,
9,,0,0,0,0,0,0,Normal,
10,,0,0,0,0,0,0,Normal,
11,,0,0,0,0,0,0,Normal,
12,,0,0,0,0,0,0,Normal,
13,,0,0,0,0,0,0,Normal,
14,,0,0,0,0,0,0,Normal,
15,,0,0,0,0,0,0,Normal,
16,,0,0,0,0,0,0,Normal,
17,,0,0,0,0,0,0,Normal,
18,,0,0,0,0,0,0,Normal,
19,,0,0,0,0,0,0,Normal,
20,,0,0,0,0,0,0,Normal,
